4792 #Vertices Locked
0
1
2
3
4
5
6
7
8
9
10
11
12
13
14
15
16
17
18
19
20
21
22
23
24
25
26
27
28
29
30
31
32
33
34
35
36
37
38
39
40
41
42
43
44
45
46
47
48
49
50
51
52
53
54
55
56
57
58
59
60
61
62
63
64
65
66
67
68
69
70
71
72
73
74
75
76
77
78
79
80
81
82
83
84
85
86
87
88
89
90
91
92
93
94
95
96
97
98
99
100
101
102
103
104
105
106
107
108
109
110
111
112
113
114
115
116
117
118
119
120
121
122
123
124
125
126
127
128
129
130
131
132
133
134
135
136
137
138
139
140
141
142
143
144
145
146
147
148
149
150
151
152
153
154
155
156
157
158
159
160
161
162
163
164
165
166
167
168
169
170
171
172
173
174
175
176
177
178
179
180
181
182
183
184
185
186
187
188
189
190
191
192
193
194
195
196
197
198
199
200
201
202
203
204
205
206
207
208
209
210
211
212
213
214
215
216
217
218
219
220
221
222
223
224
225
226
227
228
229
230
231
232
233
234
235
236
237
238
239
240
241
242
243
244
245
246
247
248
249
250
251
252
253
254
255
256
257
258
259
260
261
262
263
264
265
266
267
268
269
270
271
272
273
274
275
276
277
278
279
280
281
282
283
284
285
286
287
288
289
290
291
292
293
294
295
296
297
298
299
300
301
302
303
304
305
306
307
308
309
310
311
312
313
314
315
316
317
318
319
320
321
322
323
324
325
326
327
328
329
330
331
332
333
334
335
336
337
338
339
340
341
342
343
344
345
346
347
348
349
350
351
352
353
354
355
356
357
358
359
360
361
362
363
364
365
366
367
368
369
370
371
372
373
374
375
376
377
378
379
380
381
382
383
384
385
386
387
388
389
390
391
392
393
394
395
396
397
398
399
400
401
402
403
404
405
406
407
408
409
410
411
412
413
414
415
416
417
418
419
420
421
422
423
424
425
426
427
428
429
430
431
432
433
434
435
436
437
438
439
440
441
442
443
444
445
446
447
448
449
450
451
452
453
454
455
456
457
458
459
460
461
462
463
464
465
466
467
468
469
470
471
472
473
474
475
476
477
478
479
480
481
482
483
484
485
486
487
488
489
490
491
492
493
494
495
496
497
498
499
500
501
502
503
504
505
506
507
508
509
510
511
512
513
514
515
516
517
518
519
520
521
522
523
524
525
526
527
528
529
530
531
532
533
534
535
536
537
538
539
540
541
542
543
544
545
546
547
548
549
550
551
552
553
554
555
556
557
558
559
560
561
562
563
564
565
566
567
568
569
570
571
572
573
574
575
576
577
578
579
580
581
582
583
584
585
586
587
588
589
590
591
592
593
594
595
596
597
598
599
600
601
602
603
604
605
606
607
608
609
610
611
612
613
614
615
616
617
618
619
620
621
622
623
624
625
626
627
628
629
630
631
632
633
634
635
636
637
638
639
640
641
642
643
644
645
646
647
648
649
650
651
652
653
654
655
656
657
658
659
660
661
662
663
664
665
666
667
668
669
670
671
672
673
674
675
676
677
678
679
680
681
682
683
684
685
686
687
688
689
690
691
692
693
694
695
696
697
698
699
700
701
702
703
704
705
706
707
708
709
710
711
712
713
714
715
716
717
718
719
720
721
722
723
724
725
726
727
728
729
730
731
732
733
734
735
736
737
738
739
740
741
742
743
744
745
746
747
748
749
750
751
752
753
754
755
756
757
758
759
760
761
762
763
764
765
766
767
768
769
770
771
772
773
774
775
776
777
778
779
780
781
782
783
784
785
786
787
788
789
790
791
792
793
794
795
796
797
798
799
800
801
802
803
804
805
806
807
808
809
810
811
812
813
814
815
816
817
818
819
820
821
822
823
824
825
826
827
828
829
830
831
832
833
834
835
836
837
838
839
840
841
842
843
844
845
846
847
848
849
850
851
852
853
854
855
856
857
858
859
860
861
862
863
864
865
866
867
868
869
870
871
872
873
874
875
876
877
878
879
880
881
882
883
884
885
886
887
888
889
890
891
892
893
894
895
896
897
898
899
900
901
902
903
904
905
906
907
908
909
910
911
912
913
914
915
916
917
918
919
920
921
922
923
924
925
926
927
928
929
930
931
932
933
934
935
936
937
938
939
940
941
942
943
944
945
946
947
948
949
950
951
952
953
954
955
956
957
958
959
960
961
962
963
964
965
966
967
968
969
970
971
972
973
974
975
976
977
978
979
980
981
982
983
984
985
986
987
988
989
990
991
992
993
994
995
996
997
998
999
1000
1001
1002
1003
1004
1005
1006
1007
1008
1009
1010
1011
1012
1013
1014
1015
1016
1017
1018
1019
1020
1021
1022
1023
1024
1025
1026
1027
1028
1029
1030
1031
1032
1033
1034
1035
1036
1037
1038
1039
1040
1041
1042
1043
1044
1045
1046
1047
1048
1049
1050
1051
1052
1053
1054
1055
1056
1057
1058
1059
1060
1061
1062
1063
1064
1065
1066
1067
1068
1069
1070
1071
1072
1073
1074
1075
1076
1077
1078
1079
1080
1081
1082
1083
1084
1085
1086
1087
1088
1089
1090
1091
1092
1093
1094
1095
1096
1097
1098
1099
1100
1101
1102
1103
1104
1105
1106
1107
1108
1109
1110
1111
1112
1113
1114
1115
1116
1117
1118
1119
1120
1121
1122
1123
1124
1125
1126
1127
1128
1129
1130
1131
1132
1133
1134
1135
1136
1137
1138
1139
1140
1141
1142
1143
1144
1145
1146
1147
1148
1149
1150
1151
1152
1153
1154
1155
1156
1157
1158
1159
1160
1161
1162
1163
1164
1165
1166
1167
1168
1169
1170
1171
1172
1173
1174
1175
1176
1177
1178
1179
1180
1181
1182
1183
1184
1185
1186
1187
1188
1189
1190
1191
1192
1193
1194
1195
1196
1197
1198
1199
1200
1201
1202
1203
1204
1205
1206
1207
1208
1209
1210
1211
1212
1213
1214
1215
1216
1217
1218
1219
1220
1221
1222
1223
1224
1225
1226
1227
1228
1229
1230
1231
1232
1233
1234
1235
1236
1237
1238
1239
1240
1241
1242
1243
1244
1245
1246
1247
1248
1249
1250
1251
1252
1253
1254
1255
1256
1257
1258
1259
1260
1261
1262
1263
1264
1265
1266
1267
1268
1269
1270
1271
1272
1273
1274
1275
1276
1277
1278
1279
1280
1281
1282
1283
1284
1285
1286
1287
1288
1289
1290
1291
1292
1293
1294
1295
1296
1297
1298
1299
1300
1301
1302
1303
1304
1305
1306
1307
1308
1309
1310
1311
1312
1313
1314
1315
1316
1317
1318
1319
1320
1321
1322
1323
1324
1325
1326
1327
1328
1329
1330
1331
1332
1333
1334
1335
1336
1337
1338
1339
1340
1341
1342
1343
1344
1345
1346
1347
1348
1349
1350
1351
1352
1353
1354
1355
1356
1357
1358
1359
1360
1361
1362
1363
1364
1365
1366
1367
1368
1369
1370
1374
1375
1376
1377
1378
1379
1380
1381
1382
1383
1384
1385
1386
1387
1388
1389
1390
1391
1392
1393
1394
1395
1396
1397
1398
1399
1400
1401
1402
1403
1404
1405
1406
1407
1408
1409
1410
1411
1412
1413
1414
1415
1416
1417
1418
1419
1420
1421
1422
1423
1424
1425
1426
1427
1428
1429
1430
1431
1434
1438
1439
1440
1441
1442
1443
1444
1445
1446
1447
1448
1449
1450
1451
1452
1453
1454
1455
1456
1457
1458
1459
1460
1461
1462
1463
1464
1465
1466
1467
1468
1469
1471
1472
1473
1474
1475
1476
1477
1478
1479
1480
1481
1482
1483
1484
1485
1486
1487
1488
1489
1490
1491
1492
1493
1494
1495
1496
1497
1498
1499
1508
1509
1510
1511
1512
1513
1514
1515
1516
1517
1518
1519
1520
1521
1522
1523
1524
1525
1526
1527
1528
1529
1530
1531
1532
1533
1534
1535
1536
1537
1538
1540
1541
1542
1543
1544
1545
1546
1547
1548
1549
1550
1551
1552
1553
1554
1555
1556
1557
1558
1559
1560
1561
1562
1563
1564
1565
1566
1567
1568
1569
1579
1580
1581
1582
1583
1584
1585
1586
1587
1588
1589
1590
1591
1592
1593
1596
1597
1598
1599
1600
1601
1602
1603
1604
1605
1606
1607
1608
1611
1612
1613
1614
1615
1616
1617
1618
1619
1620
1621
1622
1623
1624
1625
1626
1627
1628
1629
1630
1631
1632
1633
1634
1635
1636
1637
1638
1639
1650
1651
1652
1653
1654
1655
1656
1657
1658
1659
1660
1661
1662
1666
1667
1668
1669
1670
1671
1672
1673
1674
1675
1676
1678
1679
1680
1681
1682
1683
1684
1685
1686
1687
1688
1689
1690
1691
1692
1693
1694
1695
1696
1697
1698
1699
1700
1701
1702
1703
1704
1706
1707
1708
1709
1710
1711
1720
1723
1724
1725
1726
1727
1728
1729
1730
1731
1732
1733
1734
1735
1736
1739
1740
1741
1742
1743
1744
1745
1746
1747
1748
1749
1750
1753
1754
1755
1756
1757
1758
1759
1760
1761
1762
1763
1764
1765
1766
1767
1768
1769
1770
1771
1772
1773
1774
1775
1776
1777
1778
1779
1782
1783
1784
1785
1786
1787
1796
1800
1801
1802
1803
1804
1805
1806
1807
1808
1809
1810
1811
1814
1815
1816
1817
1818
1819
1820
1821
1822
1823
1824
1825
1826
1827
1829
1830
1831
1832
1833
1834
1835
1836
1837
1838
1839
1840
1841
1842
1843
1844
1845
1846
1847
1848
1849
1850
1851
1852
1853
1854
1855
1856
1859
1860
1861
1862
1863
1864
1874
1879
1880
1881
1882
1883
1884
1885
1886
1887
1888
1890
1891
1892
1893
1894
1895
1896
1897
1898
1899
1900
1901
1902
1903
1904
1906
1907
1908
1909
1910
1911
1912
1913
1914
1915
1916
1917
1918
1919
1920
1921
1922
1923
1924
1925
1926
1927
1928
1929
1930
1931
1932
1933
1937
1938
1939
1940
1941
1942
1943
1953
1954
1959
1960
1961
1962
1963
1964
1965
1966
1967
1968
1970
1971
1972
1974
1975
1976
1977
1978
1979
1980
1981
1982
1983
1984
1985
1987
1988
1989
1990
1991
1992
1993
1994
1995
1996
1997
1998
1999
2000
2001
2002
2003
2004
2005
2006
2007
2008
2009
2010
2011
2012
2013
2014
2018
2019
2020
2021
2022
2023
2024
2025
2035
2036
2042
2043
2044
2045
2046
2047
2048
2049
2050
2051
2053
2054
2056
2058
2059
2060
2061
2062
2063
2064
2065
2066
2067
2068
2069
2070
2072
2073
2074
2075
2076
2077
2078
2079
2080
2081
2082
2083
2084
2085
2086
2087
2088
2089
2090
2091
2092
2093
2094
2095
2096
2097
2098
2099
2103
2104
2105
2106
2107
2108
2109
2110
2121
2122
2128
2129
2130
2131
2132
2133
2134
2135
2136
2137
2138
2140
2142
2144
2146
2147
2148
2149
2150
2151
2152
2153
2154
2155
2156
2157
2158
2159
2161
2162
2163
2164
2165
2166
2167
2168
2169
2170
2171
2172
2173
2174
2175
2176
2177
2178
2179
2180
2181
2182
2183
2184
2185
2186
2187
2190
2191
2192
2193
2194
2195
2196
2197
2198
2207
2210
2211
2217
2218
2219
2220
2221
2222
2223
2224
2225
2226
2227
2228
2229
2232
2234
2236
2238
2239
2240
2241
2242
2243
2244
2245
2246
2247
2248
2249
2250
2251
2252
2255
2256
2257
2258
2259
2260
2261
2262
2263
2264
2265
2266
2267
2268
2269
2270
2271
2272
2273
2274
2275
2276
2277
2278
2279
2280
2281
2284
2285
2286
2287
2288
2289
2290
2291
2292
2293
2294
2303
2307
2308
2314
2315
2316
2317
2318
2319
2320
2321
2322
2323
2324
2325
2326
2331
2333
2335
2337
2338
2339
2340
2341
2342
2343
2344
2345
2346
2347
2348
2349
2350
2351
2354
2355
2356
2357
2358
2359
2360
2361
2362
2363
2364
2365
2366
2367
2368
2369
2370
2371
2372
2373
2375
2376
2377
2378
2379
2380
2381
2382
2383
2384
2393
2397
2398
2399
2405
2406
2407
2408
2409
2410
2411
2412
2413
2420
2422
2424
2425
2426
2427
2428
2429
2430
2431
2432
2435
2436
2437
2438
2439
2441
2442
2443
2444
2445
2446
2447
2448
2449
2450
2451
2453
2454
2455
2456
2457
2458
2459
2460
2469
2474
2475
2476
2482
2483
2484
2485
2486
2487
2488
2489
2498
2500
2501
2502
2503
2504
2505
2506
2507
2508
2509
2512
2513
2514
2515
2516
2518
2519
2520
2521
2522
2523
2524
2525
2527
2528
2529
2530
2531
2532
2533
2542
2543
2549
2550
2551
2557
2558
2559
2560
2561
2562
2571
2573
2574
2575
2576
2577
2578
2579
2580
2581
2582
2583
2586
2587
2588
2589
2590
2591
2592
2594
2595
2596
2597
2598
2599
2601
2602
2603
2604
2605
2606
2607
2622
2623
2624
2630
2631
2632
2633
2634
2645
2646
2647
2648
2649
2650
2651
2652
2653
2654
2657
2658
2659
2660
2661
2662
2663
2665
2666
2667
2668
2670
2671
2672
2673
2674
2675
2676
2692
2693
2694
2700
2701
2702
2703
2715
2716
2717
2718
2719
2720
2721
2722
2725
2726
2727
2728
2729
2732
2733
2734
2750
2751
2752
2771
2772
2773
2774
2775
2776
2779
2780
2781
2784
2799
2800
2801
2822
2823
2824
2825
2828
2830
2847
2848
2849
2872
2873
10207
10255
10261
10262
10263
10264
10268
10299
10300
10301
10345
10346
10347
10348
10349
10356
10357
10358
10359
10360
10364
10393
10395
10396
10397
10398
10439
10442
10443
10444
10445
10446
10447
10452
10453
10454
10455
10456
10457
10458
10462
10490
10491
10492
10493
10494
10495
10496
10497
10525
10526
10532
10539
10542
10543
10544
10545
10546
10547
10551
10552
10553
10554
10555
10556
10557
10562
10563
10586
10587
10588
10590
10591
10592
10593
10594
10595
10596
10597
10598
10599
10600
10622
10623
10625
10627
10633
10640
10643
10644
10645
10646
10647
10648
10650
10651
10652
10653
10654
10655
10656
10657
10663
10664
10665
10680
10685
10686
10687
10688
10689
10690
10691
10692
10693
10694
10695
10696
10697
10698
10699
10700
10701
10702
10703
10722
10723
10724
10725
10726
10727
10728
10729
10730
10731
10735
10742
10745
10746
10747
10748
10749
10750
10751
10752
10753
10754
10755
10756
10757
10758
10759
10765
10766
10767
10776
10780
10781
10783
10788
10789
10790
10791
10792
10793
10794
10795
10796
10797
10798
10799
10800
10801
10802
10803
10804
10805
10806
10825
10826
10827
10828
10829
10830
10831
10832
10833
10834
10835
10836
10839
10845
10848
10849
10850
10851
10852
10853
10854
10855
10856
10857
10858
10859
10860
10861
10862
10868
10869
10870
10871
10872
10873
10876
10880
10884
10885
10887
10892
10893
10894
10895
10896
10897
10898
10899
10900
10901
10902
10903
10904
10905
10906
10907
10908
10909
10910
10928
10929
10930
10931
10932
10933
10934
10935
10936
10937
10938
10939
10940
10941
10942
10943
10949
10952
10953
10954
10955
10956
10957
10958
10959
10960
10961
10962
10963
10964
10965
10966
10967
10972
10973
10974
10975
10976
10977
10978
10979
10980
10981
10982
10986
10989
10990
10992
10997
10998
10999
11000
11001
11002
11003
11004
11005
11006
11007
11008
11009
11010
11011
11012
11013
11014
11015
11032
11033
11034
11035
11036
11037
11038
11039
11040
11041
11042
11043
11044
11045
11046
11047
11048
11049
11050
11051
11052
11053
11054
11055
11058
11059
11060
11061
11062
11063
11064
11066
11067
11068
11069
11070
11071
11072
11073
11074
11080
11081
11082
11083
11084
11085
11086
11087
11088
11089
11090
11091
11092
11093
11094
11095
11096
11097
11098
11100
11101
11103
11108
11109
11110
11111
11112
11113
11114
11115
11116
11117
11118
11119
11120
11121
11122
11123
11124
11125
11126
11142
11143
11144
11145
11146
11147
11148
11149
11150
11151
11152
11153
11154
11155
11156
11157
11158
11159
11160
11161
11162
11163
11164
11165
11166
11167
11168
11169
11170
11171
11172
11173
11174
11175
11176
11177
11178
11179
11180
11181
11182
11183
11184
11185
11186
11191
11192
11193
11194
11195
11196
11197
11198
11199
11200
11201
11202
11203
11204
11205
11206
11207
11208
11209
11210
11211
11212
11213
11214
11215
11216
11217
11218
11219
11220
11221
11222
11223
11224
11225
11226
11227
11228
11229
11230
11231
11232
11233
11234
11235
11236
11237
11238
11242
11243
11244
11250
11251
11252
11253
11254
11255
11256
11257
11258
11259
11260
11261
11262
11263
11264
11265
11266
11267
11268
11269
11270
11271
11272
11273
11274
11275
11276
11277
11278
11279
11280
11281
11282
11283
11284
11285
11286
11287
11288
11289
11290
11291
11292
11293
11294
11295
11296
11297
11298
11299
11300
11301
11302
11305
11306
11307
11308
11309
11310
11311
11312
11313
11314
11315
11316
11317
11318
11319
11320
11321
11322
11323
11324
11325
11326
11327
11328
11329
11330
11331
11332
11333
11334
11335
11336
11337
11338
11339
11340
11341
11342
11343
11344
11345
11346
11347
11348
11349
11350
11353
11354
11355
11356
11357
11358
11359
11360
11361
11362
11363
11364
11365
11366
11367
11368
11369
11370
11371
11372
11373
11374
11375
11376
11377
11378
11379
11380
11381
11382
11383
11384
11385
11386
11387
11388
11389
11390
11391
11392
11393
11394
11395
11396
11397
11398
11399
11400
11401
11402
11403
11404
11405
11406
11407
11408
11409
11410
11411
11412
11413
11414
11415
11416
11417
11418
11419
11420
11421
11422
11423
11424
11425
11426
11427
11428
11429
11430
11431
11432
11433
11434
11435
11436
11437
11438
11439
11440
11441
11442
11443
11444
11445
11446
11447
11448
11449
11450
11451
11452
11453
11454
11455
11456
11457
11458
11459
11460
11461
11462
11463
11464
11465
11466
11467
11468
11469
11470
11471
11472
11473
11474
11475
11476
11477
11478
11479
11480
11481
11482
11483
11484
11485
11486
11487
11488
11489
11490
11491
11492
11493
11494
11495
11496
11497
11498
11499
11500
11501
11502
11503
11504
11505
11506
11507
11508
11509
11510
11511
11512
11513
11514
11515
11516
11517
11518
11519
11520
11521
11522
11523
11524
11525
11526
11527
11528
11529
11530
11531
11532
11533
11534
11535
11536
11537
11538
11539
11540
11541
11542
11543
11544
11545
11546
11547
11548
11549
11550
11551
11552
11553
11554
11555
11556
11557
11558
11559
11560
11561
11562
11563
11564
11565
11566
11567
11568
11569
11570
11571
11572
11573
11574
11575
11576
11577
11578
11579
11580
11581
11582
11583
11584
11585
11586
11587
11588
11589
11590
11591
11592
11593
11594
11595
11596
11597
11598
11599
11600
11601
11602
11603
11604
11605
11606
11607
11608
11609
11610
11611
11612
11613
11614
11615
11616
11617
11618
11619
11620
11621
11622
11623
11624
11625
11626
11627
11628
11629
11630
11631
11632
11633
11634
11635
11636
11637
11638
11639
11640
11641
11642
11643
11644
11645
11646
11647
11648
11649
11650
11651
11652
11653
11654
11655
11656
11657
11658
11659
11660
11661
11662
11663
11664
11665
11666
11667
11668
11669
11670
11671
11672
11673
11674
11675
11676
11677
11678
11679
11680
11681
11682
11683
11684
11685
11686
11687
11688
11689
11690
11691
11692
11693
11694
11695
11696
11697
11698
11699
11700
11701
11702
11703
11704
11705
11706
11707
11708
11709
11710
11711
11712
11713
11714
11715
11716
11717
11718
11719
11720
11721
11722
11723
11724
11725
11726
11727
11728
11729
11730
11731
11732
11733
11734
11735
11736
11737
11738
11739
11740
11741
11742
11743
11744
11745
11746
11747
11748
11749
11750
11751
11752
11753
11754
11755
11756
11757
11758
11759
11760
11761
11762
11763
11764
11765
11766
11767
11768
11769
11770
11771
11772
11773
11774
11775
11776
11777
11778
11779
11780
11781
11782
11783
11784
11785
11786
11787
11788
11789
11790
11791
11792
11793
11794
11795
11796
11797
11798
11799
11800
11801
11802
11803
11804
11805
11806
11807
11808
11809
11810
11811
11812
11813
11814
11815
11816
11817
11818
11819
11820
11821
11822
11823
11824
11825
11826
11827
11828
11829
11830
11831
11832
11833
11834
11835
11836
11837
11838
11839
11840
11841
11842
11843
11844
11845
11846
11847
11848
11849
11850
11851
11852
11853
11854
11855
11856
11857
11858
11859
11860
11861
11862
11863
11864
11865
11866
11867
11868
11869
11870
11871
11872
11873
11874
11875
11876
11877
11878
11879
11880
11881
11882
11883
11884
11885
11886
11887
11888
11889
11890
11891
11892
11893
11894
11895
11896
11897
11898
11899
11900
11901
11902
11903
11904
11905
11906
11907
11908
11909
11910
11911
11912
11913
11914
11915
11916
11917
11918
11919
11920
11921
11922
11923
11924
11925
11926
11927
11928
11929
11930
11931
11932
11933
11934
11935
11936
11937
11938
11939
11940
11941
11942
11943
11944
11945
11946
11947
11948
11949
11950
11951
11952
11953
11954
11955
11956
11957
11958
11959
11960
11961
11962
11963
11964
11965
11966
11967
11968
11969
11970
11971
11972
11973
11974
11975
11976
11977
11978
11979
11980
11981
11982
11983
11984
11985
11986
11987
11988
11989
11990
11991
11992
11993
11994
11995
11996
11997
11998
11999
12000
12001
12002
12003
12004
12005
12006
12007
12008
12009
12010
12011
12012
12013
12014
12015
12016
12017
12018
12019
12020
12021
12022
12023
12024
12025
12026
12027
12028
12029
12030
12031
12032
12033
12034
12035
12036
12037
12038
12039
12040
12041
12042
12043
12044
12045
12046
12047
12048
12049
12050
12051
12052
12053
12054
12055
12056
12057
12058
12059
12060
12061
12062
12063
12064
12065
12066
12067
12068
12069
12070
12071
12072
12073
12074
12075
12076
12077
12078
12079
12080
12081
12082
12083
12084
12085
12086
12087
12088
12089
12090
12091
12092
12093
12094
12095
12096
12097
12098
12099
12100
12101
12102
12103
12104
12105
12106
12107
12108
12109
12110
12111
12112
12113
12114
12115
12116
12117
12118
12119
12120
12121
12122
12123
12124
12125
12126
12127
12128
12129
12130
12131
12132
12133
12134
12135
12136
12137
12138
12139
12140
12141
12142
12143
12144
12145
12146
12147
12148
12149
12150
12151
12152
12153
12154
12155
12156
12157
12158
12159
12160
12161
12162
12163
12164
12165
12166
12167
12168
12169
12170
12171
12172
12173
12174
12175
12176
12177
12178
12179
12180
12181
12182
12183
12184
12185
12186
12187
12188
12189
12190
12191
12192
12193
12194
12195
12196
12197
12198
12199
12200
12201
12202
12203
12204
12205
12206
12207
12208
12209
12210
12211
12212
12213
12214
12215
12216
12217
12218
12219
12220
12221
12222
12223
12224
12225
12226
12227
12228
12229
12230
12231
12232
12233
12234
12235
12236
12237
12238
12239
12240
12241
12242
12243
12244
12245
12246
12247
12248
12249
12250
12251
12252
12253
12254
12255
12256
12257
12258
12259
12260
12261
12262
12263
12264
12265
12266
12267
12268
12269
12270
12271
12272
12273
12274
12275
12276
12277
12278
12279
12280
12281
12282
12283
12284
12285
12286
12287
12288
12289
12290
12291
12292
12293
12294
12295
12296
12297
12298
12299
12300
12301
12302
12303
12304
12305
12306
12307
12308
12309
12310
12311
12312
12313
12314
12315
12316
12317
12318
12319
12320
12321
12322
12323
12324
12325
12326
12327
12328
12329
12330
12331
12332
12333
12334
12335
12336
12337
12338
12339
12340
12341
12342
12343
12344
12345
12346
12347
12348
12349
12350
12351
12352
12353
12354
12355
12356
12357
12358
12359
12360
12361
12362
12363
12364
12365
12366
12367
12368
12369
12370
12371
12372
12373
12374
12375
12379
12380
12382
12383
12384
12385
12386
12387
12390
12392
12398
12401
12404
12406
12407
12428
12430
12431
12435
12437
12439
12442
12447
12449
12450
12452
12455
12456
12458
12460
12462
12463
12467
12470
12472
12473
12477
12480
12484
12490
12491
12492
12493
12494
12495
12496
12498
12499
12501
12503
12505
12508
12510
12511
12515
12518
12519
12522
12530
12551
12557
12568
12569
12574
12576
12578
12587
12590
12608
12611
12612
12613
12618
12620
12625
12628
12633
12639
12641
12643
12644
12651
12652
12653
12654
12656
12657
12658
12659
12661
12662
12663
12667
12669
12670
12672
12673
12675
12676
12677
12680
12681
12682
12684
12686
12687
12689
12690
12694
12695
12701
12703
12705
12708
12710
12715
12717
12718
12722
12723
12726
12727
12728
12729
12730
12733
12735
12738
12741
12743
12745
12746
12752
12753
12759
12761
12763
12764
12766
12775
12777
12786
12787
12803
12813
12820
12822
12823
12827
12832
12842
12845
12847
12850
12861
12868
12870
12872
12873
12885
12889
12892
12894
12895
12899
12900
12901
12904
12905
12907
12911
12915
12918
12920
12921
12922
12924
12925
12926
12927
12930
12931
12934
12942
12951
12953
12955
12957
12959
12960
12964
12965
12966
12972
12974
12975
12977
12985
12987
12989
12990
12991
12992
12994
12998
13000
13001
13005
13008
13010
13012
13013
13016
13017
13021
13022
13024
13027
13035
13036
13039
13047
13048
13050
13052
13053
13056
13058
13060
13062
13067
13072
13076
13077
13078
13079
13080
13082
13085
13092
13095
13097
13103
13107
13117
13119
13121
13126
13130
13137
13159
13163
13165
13170
13172
13178
13181
13182
13183
13186
13188
13191
13192
13201
13202
13203
13206
13208
13209
13210
13214
13215
13217
13218
13221
13222
13223
13229
13230
13231
13232
13235
13236
13238
13241
13243
13244
13246
13251
13252
13255
13262
13266
13267
13269
13270
13271
13274
13275
13282
13284
13285
13287
13288
13293
13294
13295
13299
13301
13303
13306
13326
13328
13329
13331
13337
13343
13347
13352
13355
13362
13366
13367
13381
13382
13383
13391
13392
13395
13406
13407
13412
13413
13421
13425
13426
13427
13429
13430
13432
13436
13444
13448
13449
13450
13452
13454
13457
13458
13464
13468
13469
13473
13474
13481
13485
13488
13489
13490
13493
13497
13502
13503
13505
13511
13519
13522
13523
13525
13529
13531
13536
13540
13549
13552
13562
13574
13575
13576
13581
13586
13587
13588
13592
13601
13603
13605
13606
13609
13613
13614
13618
13621
13623
13626
13627
13631
13633
13636
13637
13644
13647
13651
13652
13659
13660
13662
13664
13672
13674
13676
13678
13680
13682
13689
13690
13691
13693
13695
13698
13700
13703
13708
13709
13710
13713
13719
13722
13723
13724
13730
13732
13734
13737
13738
13740
13745
13747
13754
13760
13773
13780
13785
13786
13787
13793
13798
13803
13805
13809
13813
13814
13819
13828
13838
13841
13842
13846
13847
13848
13851
13855
13858
13866
13867
13868
13870
13875
13876
13877
13880
13881
13882
13883
13889
13890
13892
13894
13896
13898
13899
13901
13903
13904
13914
13918
13920
13922
13926
13930
13931
13932
13935
13936
13937
13940
13941
13942
13944
13947
13948
13949
13950
13952
13957
13962
13964
13965
13967
13968
13970
13975
13976
13978
13979
13991
13994
13996
13998
13999
14000
14004
14006
14008
14014
14015
14016
14022
14026
14027
14029
14030
14033
14035
14037
14039
14040
14041
14050
14054
14055
14058
14059
14065
14071
14074
14075
14076
14080
14086
14088
14090
14091
14092
14094
14099
14102
14106
14107
14108
14114
14116
14117
14121
14122
14123
14124
14125
14128
14131
14132
14139
14141
14143
14146
14147
14150
14151
14168
14178
14179
14182
14186
14187
14191
14194
14197
14201
14203
14206
14210
14213
14217
14222
14223
14226
14227
14228
14230
14233
14240
14241
14242
14246
14248
14249
14254
14256
14257
14262
14264
14265
14267
14269
14272
14279
14284
14290
14292
14302
14303
14305
14309
14313
14316
14319
14320
14322
14324
14330
14334
14339
14341
14343
14351
14353
14364
14365
14369
14371
14372
14374
14378
14380
14384
14385
14393
14397
14405
14407
14409
14413
14414
14417
14418
14423
14427
14429
14433
14434
14441
14443
14444
14446
14450
14458
14459
14463
14466
14475
14476
14479
14480
14484
14494
14496
14498
14501
14505
14510
14511
14512
14517
14518
14522
14523
14524
14527
14528
14536
14539
14555
14557
14558
14560
14567
14569
14573
14575
14576
14577
14578
14579
14581
14585
14586
14587
14589
14590
14595
14597
14598
14599
14601
14605
14608
14612
14613
14616
14619
14620
14622
14624
14625
14628
14629
14631
14634
14635
14637
14639
14640
14644
14646
14647
14649
14650
14651
14654
14655
14661
14666
14669
14670
14671
14676
14677
14678
14679
14680
14683
14684
14688
14690
14694
14696
14697
14699
14700
14706
14708
14711
14714
14715
14716
14717
14725
14728
14729
14730
14734
14748
14753
14756
14758
14759
14764
14766
14769
14770
14774
14777
14779
14781
14782
14785
14786
14788
14789
14792
14793
14797
